trial sun/dMass 700d/dObliquity 700e/dObliquity 
0_0_0 0.394000 0.000000 0.000000
0_0_1 0.394000 0.000000 10.000000
0_0_2 0.394000 0.000000 20.000000
0_0_3 0.394000 0.000000 30.000000
0_0_4 0.394000 0.000000 40.000000
0_0_5 0.394000 0.000000 50.000000
0_0_6 0.394000 0.000000 60.000000
0_0_7 0.394000 0.000000 70.000000
0_0_8 0.394000 0.000000 80.000000
0_0_9 0.394000 0.000000 90.000000
0_1_0 0.394000 10.000000 0.000000
0_1_1 0.394000 10.000000 10.000000
0_1_2 0.394000 10.000000 20.000000
0_1_3 0.394000 10.000000 30.000000
0_1_4 0.394000 10.000000 40.000000
0_1_5 0.394000 10.000000 50.000000
0_1_6 0.394000 10.000000 60.000000
0_1_7 0.394000 10.000000 70.000000
0_1_8 0.394000 10.000000 80.000000
0_1_9 0.394000 10.000000 90.000000
0_2_0 0.394000 20.000000 0.000000
0_2_1 0.394000 20.000000 10.000000
0_2_2 0.394000 20.000000 20.000000
0_2_3 0.394000 20.000000 30.000000
0_2_4 0.394000 20.000000 40.000000
0_2_5 0.394000 20.000000 50.000000
0_2_6 0.394000 20.000000 60.000000
0_2_7 0.394000 20.000000 70.000000
0_2_8 0.394000 20.000000 80.000000
0_2_9 0.394000 20.000000 90.000000
0_3_0 0.394000 30.000000 0.000000
0_3_1 0.394000 30.000000 10.000000
0_3_2 0.394000 30.000000 20.000000
0_3_3 0.394000 30.000000 30.000000
0_3_4 0.394000 30.000000 40.000000
0_3_5 0.394000 30.000000 50.000000
0_3_6 0.394000 30.000000 60.000000
0_3_7 0.394000 30.000000 70.000000
0_3_8 0.394000 30.000000 80.000000
0_3_9 0.394000 30.000000 90.000000
0_4_0 0.394000 40.000000 0.000000
0_4_1 0.394000 40.000000 10.000000
0_4_2 0.394000 40.000000 20.000000
0_4_3 0.394000 40.000000 30.000000
0_4_4 0.394000 40.000000 40.000000
0_4_5 0.394000 40.000000 50.000000
0_4_6 0.394000 40.000000 60.000000
0_4_7 0.394000 40.000000 70.000000
0_4_8 0.394000 40.000000 80.000000
0_4_9 0.394000 40.000000 90.000000
0_5_0 0.394000 50.000000 0.000000
0_5_1 0.394000 50.000000 10.000000
0_5_2 0.394000 50.000000 20.000000
0_5_3 0.394000 50.000000 30.000000
0_5_4 0.394000 50.000000 40.000000
0_5_5 0.394000 50.000000 50.000000
0_5_6 0.394000 50.000000 60.000000
0_5_7 0.394000 50.000000 70.000000
0_5_8 0.394000 50.000000 80.000000
0_5_9 0.394000 50.000000 90.000000
0_6_0 0.394000 60.000000 0.000000
0_6_1 0.394000 60.000000 10.000000
0_6_2 0.394000 60.000000 20.000000
0_6_3 0.394000 60.000000 30.000000
0_6_4 0.394000 60.000000 40.000000
0_6_5 0.394000 60.000000 50.000000
0_6_6 0.394000 60.000000 60.000000
0_6_7 0.394000 60.000000 70.000000
0_6_8 0.394000 60.000000 80.000000
0_6_9 0.394000 60.000000 90.000000
0_7_0 0.394000 70.000000 0.000000
0_7_1 0.394000 70.000000 10.000000
0_7_2 0.394000 70.000000 20.000000
0_7_3 0.394000 70.000000 30.000000
0_7_4 0.394000 70.000000 40.000000
0_7_5 0.394000 70.000000 50.000000
0_7_6 0.394000 70.000000 60.000000
0_7_7 0.394000 70.000000 70.000000
0_7_8 0.394000 70.000000 80.000000
0_7_9 0.394000 70.000000 90.000000
0_8_0 0.394000 80.000000 0.000000
0_8_1 0.394000 80.000000 10.000000
0_8_2 0.394000 80.000000 20.000000
0_8_3 0.394000 80.000000 30.000000
0_8_4 0.394000 80.000000 40.000000
0_8_5 0.394000 80.000000 50.000000
0_8_6 0.394000 80.000000 60.000000
0_8_7 0.394000 80.000000 70.000000
0_8_8 0.394000 80.000000 80.000000
0_8_9 0.394000 80.000000 90.000000
0_9_0 0.394000 90.000000 0.000000
0_9_1 0.394000 90.000000 10.000000
0_9_2 0.394000 90.000000 20.000000
0_9_3 0.394000 90.000000 30.000000
0_9_4 0.394000 90.000000 40.000000
0_9_5 0.394000 90.000000 50.000000
0_9_6 0.394000 90.000000 60.000000
0_9_7 0.394000 90.000000 70.000000
0_9_8 0.394000 90.000000 80.000000
0_9_9 0.394000 90.000000 90.000000
1_0_0 0.436000 0.000000 0.000000
1_0_1 0.436000 0.000000 10.000000
1_0_2 0.436000 0.000000 20.000000
1_0_3 0.436000 0.000000 30.000000
1_0_4 0.436000 0.000000 40.000000
1_0_5 0.436000 0.000000 50.000000
1_0_6 0.436000 0.000000 60.000000
1_0_7 0.436000 0.000000 70.000000
1_0_8 0.436000 0.000000 80.000000
1_0_9 0.436000 0.000000 90.000000
1_1_0 0.436000 10.000000 0.000000
1_1_1 0.436000 10.000000 10.000000
1_1_2 0.436000 10.000000 20.000000
1_1_3 0.436000 10.000000 30.000000
1_1_4 0.436000 10.000000 40.000000
1_1_5 0.436000 10.000000 50.000000
1_1_6 0.436000 10.000000 60.000000
1_1_7 0.436000 10.000000 70.000000
1_1_8 0.436000 10.000000 80.000000
1_1_9 0.436000 10.000000 90.000000
1_2_0 0.436000 20.000000 0.000000
1_2_1 0.436000 20.000000 10.000000
1_2_2 0.436000 20.000000 20.000000
1_2_3 0.436000 20.000000 30.000000
1_2_4 0.436000 20.000000 40.000000
1_2_5 0.436000 20.000000 50.000000
1_2_6 0.436000 20.000000 60.000000
1_2_7 0.436000 20.000000 70.000000
1_2_8 0.436000 20.000000 80.000000
1_2_9 0.436000 20.000000 90.000000
1_3_0 0.436000 30.000000 0.000000
1_3_1 0.436000 30.000000 10.000000
1_3_2 0.436000 30.000000 20.000000
1_3_3 0.436000 30.000000 30.000000
1_3_4 0.436000 30.000000 40.000000
1_3_5 0.436000 30.000000 50.000000
1_3_6 0.436000 30.000000 60.000000
1_3_7 0.436000 30.000000 70.000000
1_3_8 0.436000 30.000000 80.000000
1_3_9 0.436000 30.000000 90.000000
1_4_0 0.436000 40.000000 0.000000
1_4_1 0.436000 40.000000 10.000000
1_4_2 0.436000 40.000000 20.000000
1_4_3 0.436000 40.000000 30.000000
1_4_4 0.436000 40.000000 40.000000
1_4_5 0.436000 40.000000 50.000000
1_4_6 0.436000 40.000000 60.000000
1_4_7 0.436000 40.000000 70.000000
1_4_8 0.436000 40.000000 80.000000
1_4_9 0.436000 40.000000 90.000000
1_5_0 0.436000 50.000000 0.000000
1_5_1 0.436000 50.000000 10.000000
1_5_2 0.436000 50.000000 20.000000
1_5_3 0.436000 50.000000 30.000000
1_5_4 0.436000 50.000000 40.000000
1_5_5 0.436000 50.000000 50.000000
1_5_6 0.436000 50.000000 60.000000
1_5_7 0.436000 50.000000 70.000000
1_5_8 0.436000 50.000000 80.000000
1_5_9 0.436000 50.000000 90.000000
1_6_0 0.436000 60.000000 0.000000
1_6_1 0.436000 60.000000 10.000000
1_6_2 0.436000 60.000000 20.000000
1_6_3 0.436000 60.000000 30.000000
1_6_4 0.436000 60.000000 40.000000
1_6_5 0.436000 60.000000 50.000000
1_6_6 0.436000 60.000000 60.000000
1_6_7 0.436000 60.000000 70.000000
1_6_8 0.436000 60.000000 80.000000
1_6_9 0.436000 60.000000 90.000000
1_7_0 0.436000 70.000000 0.000000
1_7_1 0.436000 70.000000 10.000000
1_7_2 0.436000 70.000000 20.000000
1_7_3 0.436000 70.000000 30.000000
1_7_4 0.436000 70.000000 40.000000
1_7_5 0.436000 70.000000 50.000000
1_7_6 0.436000 70.000000 60.000000
1_7_7 0.436000 70.000000 70.000000
1_7_8 0.436000 70.000000 80.000000
1_7_9 0.436000 70.000000 90.000000
1_8_0 0.436000 80.000000 0.000000
1_8_1 0.436000 80.000000 10.000000
1_8_2 0.436000 80.000000 20.000000
1_8_3 0.436000 80.000000 30.000000
1_8_4 0.436000 80.000000 40.000000
1_8_5 0.436000 80.000000 50.000000
1_8_6 0.436000 80.000000 60.000000
1_8_7 0.436000 80.000000 70.000000
1_8_8 0.436000 80.000000 80.000000
1_8_9 0.436000 80.000000 90.000000
1_9_0 0.436000 90.000000 0.000000
1_9_1 0.436000 90.000000 10.000000
1_9_2 0.436000 90.000000 20.000000
1_9_3 0.436000 90.000000 30.000000
1_9_4 0.436000 90.000000 40.000000
1_9_5 0.436000 90.000000 50.000000
1_9_6 0.436000 90.000000 60.000000
1_9_7 0.436000 90.000000 70.000000
1_9_8 0.436000 90.000000 80.000000
1_9_9 0.436000 90.000000 90.000000
